500
ID X Y R G B r
1 66.53545 34.253534 255 0 0 0.4
2 12.357266 21.534368 0 0 255 0.0224
3 70.57564 3.643251 0 0 255 0.48
4 44.982106 14.574989 0 0 255 0.4008
5 63.810935 36.580617 0 255 0 0.4803
6 64.753414 86.882772 0 0 255 0.3829
7 67.532911 43.364021 0 0 255 0.3041
8 6.3430636 63.110164 0 0 255 0.4945
9 22.864151 38.119822 0 0 255 0.2813
10 17.096144 82.966128 0 0 255 0.2479
11 92.457039 75.924774 0 0 255 0.1265
12 51.478448 11.807832 0 0 255 0.098
13 66.621227 8.8851863 0 0 255 0.2464
14 66.579774 65.246705 0 0 255 0.3554
15 8.7471 37.22356 0 0 255 0.4938
16 23.261354 10.482601 0 0 255 0.1673
17 28.682817 61.615018 0 0 255 0.1101
18 91.26181 61.978569 0 0 255 0.1726
19 23.140236 90.385837 0 0 255 0.0458
20 25.171469 59.864329 0 0 255 0.3158
21 67.3516 47.773293 0 0 255 0.1891
22 64.646256 56.889634 0 0 255 0.4437
23 70.202669 97.416838 0 0 255 0.2133
24 83.26815 51.177861 0 0 255 0.4454
25 72.286283 34.191932 0 255 0 0.1121
26 2.2987912 97.559252 0 0 255 0.3985
27 58.305987 98.393683 0 0 255 0.4291
28 91.742828 88.882534 0 0 255 0.2135
29 9.5579342 73.447882 0 0 255 0.2944
30 55.389034 65.666183 0 0 255 0.0458
31 92.669441 72.637892 0 0 255 0.1253
32 20.404256 42.923896 0 0 255 0.2969
33 52.479488 39.154666 0 0 255 0.2603
34 13.161613 21.565652 0 0 255 0.457
35 74.652218 87.383323 0 0 255 0.3316
36 31.447539 94.015767 0 0 255 0.2498
37 18.970415 94.125739 0 0 255 0.3174
38 97.248391 10.469214 0 0 255 0.0432
39 70.500791 5.5851247 0 0 255 0.0204
40 81.840812 16.008979 0 0 255 0.3758
41 68.055323 51.982272 0 0 255 0.1619
42 68.525221 6.7253182 0 0 255 0.0332
43 52.317007 0.76471009 0 0 255 0.4616
44 19.662406 8.9383596 0 0 255 0.0272
45 49.30966 59.933286 0 0 255 0.034
46 55.361711 5.0557827 0 0 255 0.2868
47 82.465804 65.085258 0 0 255 0.2196
48 20.657502 56.861474 0 0 255 0.0137
49 52.484571 6.6272086 0 0 255 0.0248
50 80.609049 23.832632 0 0 255 0.1193
51 35.817785 34.369805 0 0 255 0.0637
52 54.486739 11.916886 0 0 255 0.3152
53 71.514594 73.163695 0 0 255 0.2382
54 20.700103 43.89342 0 0 255 0.055
55 63.571395 1.6630221 0 0 255 0.2177
56 0.44528392 67.915344 0 0 255 0.4509
57 51.305009 87.273149 0 0 255 0.2829
58 56.618445 13.25849 0 0 255 0.3653
59 1.0044821 80.774176 0 0 255 0.4905
60 88.565802 24.847612 0 0 255 0.2941
61 82.511253 2.3795285 0 0 255 0.2516
62 77.142941 52.353375 0 0 255 0.2658
63 78.574441 92.711296 0 0 255 0.3031
64 37.493359 76.133154 0 0 255 0.3822
65 15.75836 39.859912 0 0 255 0.3003
66 35.388396 70.987269 0 0 255 0.3613
67 64.275023 47.356764 0 0 255 0.2176
68 92.626419 43.539012 0 0 255 0.3233
69 9.6525395 93.491878 0 0 255 0.0883
70 73.568086 57.129101 0 0 255 0.4382
71 5.9260435 77.655935 0 0 255 0.1258
72 75.440977 70.718494 0 0 255 0.1782
73 46.545678 13.43069 0 0 255 0.1517
74 4.9445507 68.614144 0 0 255 0.4839
75 83.949947 38.941568 0 0 255 0.0961
76 17.228037 12.487558 0 0 255 0.0489
77 11.923838 63.395391 0 0 255 0.3469
78 27.493062 49.013988 0 0 255 0.048
79 32.20425 6.1320377 0 0 255 0.0997
80 60.447146 51.559784 0 0 255 0.3035
81 67.347483 30.74889 0 255 0 0.3549
82 98.362379 84.785604 0 0 255 0.4453
83 98.515949 0.88672292 0 0 255 0.3013
84 75.116228 19.758321 0 0 255 0.4312
85 27.705722 87.275181 0 0 255 0.338
86 94.6708 21.454567 0 0 255 0.3925
87 41.324521 30.988123 0 0 255 0.2683
88 22.176532 33.770182 0 0 255 0.0022
89 62.783303 79.20793 0 0 255 0.0993
90 2.0109032 56.49043 0 0 255 0.2194
91 4.726115 80.617024 0 0 255 0.2791
92 18.512307 8.5825509 0 0 255 0.1926
93 20.727897 18.775311 0 0 255 0.3234
94 71.668468 62.185265 0 0 255 0.2928
95 44.821872 5.778125 0 0 255 0.3832
96 84.207108 73.561759 0 0 255 0.0873
97 39.123416 59.542455 0 0 255 0.2516
98 83.43922 79.098326 0 0 255 0.1913
99 74.16093 15.620337 0 0 255 0.4886
100 58.293948 72.98808 0 0 255 0.468
101 16.388102 74.96427 0 0 255 0.4464
102 52.85695 87.321302 0 0 255 0.2218
103 46.335572 42.116851 0 0 255 0.3758
104 38.389954 18.065079 0 0 255 0.4547
105 9.9722416 29.818385 0 0 255 0.1867
106 26.39987 31.426884 0 0 255 0.0581
107 33.864373 43.440595 0 0 255 0.2626
108 37.773798 35.421953 0 0 255 0.1706
109 14.776807 62.348608 0 0 255 0.4247
110 31.819966 93.439464 0 0 255 0.0931
111 28.612528 28.045095 0 0 255 0.1044
112 81.368083 23.968598 0 0 255 0.2652
113 34.345136 91.28666 0 0 255 0.0421
114 86.8978 91.869949 0 0 255 0.1204
115 27.287206 30.344503 0 0 255 0.3173
116 76.762331 7.4312005 0 0 255 0.0555
117 60.808051 77.285435 0 0 255 0.3037
118 2.5787855 12.862026 0 0 255 0.4449
119 69.826073 45.405994 0 0 255 0.2453
120 2.1742896 43.471346 0 0 255 0.1568
121 68.152953 59.725167 0 0 255 0.3811
122 87.022003 12.444272 0 0 255 0.4773
123 43.271031 59.099219 0 0 255 0.3229
124 62.561777 12.639231 0 0 255 0.2427
125 58.117494 10.885826 0 0 255 0.2191
126 23.166044 43.417437 0 0 255 0.0932
127 77.878135 26.55177 0 0 255 0.2216
128 28.940709 93.62002 0 0 255 0.2441
129 91.92282 51.038553 0 0 255 0.4306
130 30.180318 43.790446 0 0 255 0.3582
131 53.534079 30.054303 0 0 255 0.3102
132 33.633969 46.195533 0 0 255 0.0449
133 23.987369 77.176222 0 0 255 0.0559
134 54.311604 16.099386 0 0 255 0.2878
135 11.577494 2.1986935 0 0 255 0.2308
136 14.084033 70.1513 0 0 255 0.2727
137 9.8931351 59.841421 0 0 255 0.019
138 31.423879 40.630484 0 0 255 0.2896
139 81.001138 90.710464 0 0 255 0.3145
140 51.331712 46.90818 0 0 255 0.241
141 86.346291 90.870039 0 0 255 0.0803
142 97.485113 49.108554 0 0 255 0.3772
143 32.813349 91.958702 0 0 255 0.3967
144 22.260764 69.612057 0 0 255 0.1457
145 51.800405 68.654282 0 0 255 0.2538
146 35.653571 0.40208199 0 0 255 0.119
147 85.498311 53.347723 0 0 255 0.0963
148 26.407991 40.595799 0 0 255 0.4043
149 83.98261 62.102489 0 0 255 0.0333
150 58.157243 53.552691 0 0 255 0.0979
151 71.36237 21.032161 0 0 255 0.4874
152 34.572111 54.430591 0 0 255 0.2875
153 1.327424 85.570258 0 0 255 0.2916
154 19.596131 0.46738718 0 0 255 0.475
155 50.64103 11.746081 0 0 255 0.05
156 2.8474599 76.81616 0 0 255 0.4394
157 54.252779 1.7355863 0 0 255 0.4457
158 28.300882 13.826536 0 0 255 0.107
159 69.199977 31.3507 0 255 0 0.0835
160 87.820138 89.728542 0 0 255 0.3231
161 2.9634537 60.774322 0 0 255 0.0902
162 34.926828 1.5085983 0 0 255 0.0583
163 42.336663 30.353284 0 0 255 0.1827
164 8.7372264 18.938583 0 0 255 0.2012
165 8.6127762 27.102214 0 0 255 0.0449
166 8.0463031 2.6204031 0 0 255 0.3419
167 89.68187 82.334322 0 0 255 0.2734
168 96.506437 75.737597 0 0 255 0.493
169 39.250454 71.31436 0 0 255 0.1064
170 31.536722 81.48132 0 0 255 0.4595
171 55.445267 76.048523 0 0 255 0.3326
172 78.455635 11.748054 0 0 255 0.3717
173 79.333957 37.793582 0 0 255 0.1892
174 85.517968 2.7303228 0 0 255 0.2374
175 79.518321 0.32812723 0 0 255 0.0531
176 1.4478203 0.68829023 0 0 255 0.4419
177 91.23757 16.478149 0 0 255 0.2226
178 2.5695608 14.801762 0 0 255 0.3341
179 3.4873411 50.950452 0 0 255 0.3641
180 70.779217 41.165356 0 0 255 0.1428
181 53.788275 58.572749 0 0 255 0.2968
182 52.385447 26.891182 0 0 255 0.1853
183 50.223993 58.472445 0 0 255 0.3978
184 7.0495143 57.862919 0 0 255 0.0368
185 23.742411 11.825328 0 0 255 0.4964
186 12.167666 7.8640213 0 0 255 0.388
187 98.168572 3.1537542 0 0 255 0.0037
188 7.8059151 16.520861 0 0 255 0.4445
189 6.5226476 51.79597 0 0 255 0.4321
190 66.004336 83.341254 0 0 255 0.3488
191 34.771548 29.918211 0 0 255 0.4425
192 13.571423 18.744581 0 0 255 0.2328
193 62.981077 6.1655847 0 0 255 0.1858
194 74.444041 93.817046 0 0 255 0.0415
195 80.170903 24.38323 0 0 255 0.4986
196 26.816226 62.361297 0 0 255 0.4349
197 43.641391 19.894553 0 0 255 0.0
198 40.483097 23.422638 0 0 255 0.34
199 60.696943 73.539535 0 0 255 0.3274
200 76.306728 15.195796 0 0 255 0.2059
201 93.729265 81.603273 0 0 255 0.2382
202 13.931488 9.197839 0 0 255 0.1941
203 25.767585 97.193405 0 0 255 0.226
204 37.978385 64.52532 0 0 255 0.0134
205 98.671067 28.007684 0 0 255 0.2126
206 34.240467 85.926163 0 0 255 0.0529
207 89.147238 2.9531282 0 0 255 0.0216
208 24.011581 75.327594 0 0 255 0.2781
209 22.241019 88.844081 0 0 255 0.3056
210 98.603608 61.253058 0 0 255 0.3694
211 94.680209 71.387989 0 0 255 0.1285
212 63.589349 45.608768 0 0 255 0.3631
213 50.408014 75.0784 0 0 255 0.3566
214 36.343986 0.73493888 0 0 255 0.2519
215 76.187388 18.875527 0 0 255 0.4464
216 77.664785 8.8975835 0 0 255 0.3897
217 3.6548548 16.52071 0 0 255 0.2474
218 5.5911803 93.492642 0 0 255 0.3808
219 32.505985 84.149752 0 0 255 0.3335
220 79.23176 13.391419 0 0 255 0.4891
221 62.865574 65.277719 0 0 255 0.0585
222 97.47206 3.784658 0 0 255 0.4347
223 16.568054 14.493271 0 0 255 0.2839
224 61.2966 17.920898 0 0 255 0.0601
225 31.100957 63.75904 0 0 255 0.4852
226 8.860449 84.925811 0 0 255 0.42
227 87.655629 84.920664 0 0 255 0.0312
228 58.922873 48.607048 0 0 255 0.139
229 30.509527 77.301853 0 0 255 0.2048
230 17.430561 26.947983 0 0 255 0.3134
231 34.11925 95.938469 0 0 255 0.4596
232 7.0682928 98.310134 0 0 255 0.2076
233 64.638461 8.0554705 0 0 255 0.3558
234 24.923923 32.338151 0 0 255 0.4854
235 75.229611 26.246412 0 0 255 0.2177
236 30.452102 20.997929 0 0 255 0.3177
237 41.965838 75.896318 0 0 255 0.4508
238 6.208661 35.99033 0 0 255 0.4358
239 3.8553197 15.148543 0 0 255 0.0714
240 19.374527 16.123832 0 0 255 0.1003
241 27.291075 88.551339 0 0 255 0.3105
242 6.9034131 94.211107 0 0 255 0.3875
243 33.596308 50.975029 0 0 255 0.1234
244 5.8001413 1.8042231 0 0 255 0.1847
245 10.550641 41.431107 0 0 255 0.1705
246 7.966049 11.985873 0 0 255 0.2282
247 90.133981 94.439246 0 0 255 0.0854
248 31.641364 26.352117 0 0 255 0.3728
249 59.09357 88.559359 0 0 255 0.049
250 37.871446 88.716267 0 0 255 0.4451
251 94.748261 76.853239 0 0 255 0.041
252 74.030213 90.099334 0 0 255 0.3908
253 87.899824 1.6332093 0 0 255 0.4243
254 59.806009 95.122938 0 0 255 0.2254
255 68.561668 7.4633661 0 0 255 0.3027
256 39.398557 27.755599 0 0 255 0.1772
257 22.725963 48.106279 0 0 255 0.3795
258 13.41314 96.299497 0 0 255 0.2947
259 17.651661 56.108875 0 0 255 0.3058
260 93.172315 26.9682 0 0 255 0.4216
261 4.2288826 12.691427 0 0 255 0.2285
262 87.205538 15.212972 0 0 255 0.4414
263 52.163857 26.073876 0 0 255 0.2468
264 80.354853 42.728848 0 0 255 0.3114
265 44.862492 38.786865 0 0 255 0.2811
266 34.623033 42.206652 0 0 255 0.3608
267 75.401604 60.691763 0 0 255 0.2734
268 36.261769 43.906794 0 0 255 0.3922
269 54.867806 1.0354273 0 0 255 0.2232
270 88.064986 3.3560402 0 0 255 0.456
271 83.698847 39.638628 0 0 255 0.0433
272 24.606905 97.160898 0 0 255 0.4995
273 43.655916 53.472118 0 0 255 0.3638
274 82.580309 90.476531 0 0 255 0.2792
275 15.861921 31.862246 0 0 255 0.0714
276 75.25671 28.446397 0 0 255 0.4188
277 87.331369 87.152768 0 0 255 0.3626
278 50.212359 77.104158 0 0 255 0.2087
279 56.883358 38.643734 0 0 255 0.1366
280 84.847884 87.480045 0 0 255 0.1574
281 97.855157 42.032528 0 0 255 0.2908
282 78.592619 45.950265 0 0 255 0.3447
283 35.332767 42.150586 0 0 255 0.4319
284 50.190484 44.710743 0 0 255 0.1054
285 25.789355 68.777847 0 0 255 0.2534
286 50.899033 8.7525364 0 0 255 0.2125
287 8.2649521 72.643082 0 0 255 0.1199
288 6.3674183 12.773652 0 0 255 0.3788
289 63.285322 48.87124 0 0 255 0.396
290 61.356272 25.227676 0 0 255 0.1929
291 8.6145764 58.504689 0 0 255 0.159
292 60.599192 22.032455 0 0 255 0.2405
293 54.428686 94.702421 0 0 255 0.1393
294 84.794268 6.1599366 0 0 255 0.079
295 63.769856 17.68644 0 0 255 0.1977
296 27.440544 62.081271 0 0 255 0.1427
297 11.325523 28.657437 0 0 255 0.1215
298 6.8246505 13.47684 0 0 255 0.3213
299 61.889615 18.404085 0 0 255 0.4785
300 69.741437 94.868542 0 0 255 0.0932
301 27.982487 29.014863 0 0 255 0.4548
302 42.447411 22.949743 0 0 255 0.2844
303 36.742591 65.221515 0 0 255 0.0968
304 9.0260902 0.42124809 0 0 255 0.3521
305 7.7741328 7.6716986 0 0 255 0.3258
306 12.715936 30.445191 0 0 255 0.1659
307 67.280382 21.76338 0 0 255 0.2608
308 22.196433 68.777391 0 0 255 0.0124
309 24.011744 69.26424 0 0 255 0.0111
310 1.2677552 84.479341 0 0 255 0.3993
311 72.405461 55.155568 0 0 255 0.0539
312 56.01634 56.227674 0 0 255 0.3444
313 55.117394 52.285722 0 0 255 0.3875
314 74.004882 85.108948 0 0 255 0.3957
315 81.986147 43.97974 0 0 255 0.3547
316 39.554794 37.557008 0 0 255 0.4733
317 14.016284 58.844134 0 0 255 0.149
318 20.145647 29.929452 0 0 255 0.4979
319 71.293171 9.7735564 0 0 255 0.2772
320 66.626266 36.457194 0 255 0 0.328
321 6.7079971 21.849826 0 0 255 0.4727
322 38.57004 63.525011 0 0 255 0.1123
323 49.131777 76.855406 0 0 255 0.4908
324 76.979905 42.320627 0 0 255 0.0853
325 15.029717 61.611254 0 0 255 0.4705
326 48.592677 27.098181 0 0 255 0.4785
327 7.7234258 47.200634 0 0 255 0.0875
328 78.197325 30.87644 0 0 255 0.0272
329 39.475578 81.913224 0 0 255 0.1341
330 23.886381 73.552262 0 0 255 0.273
331 8.822764 14.166983 0 0 255 0.3876
332 8.7002449 6.6965387 0 0 255 0.3019
333 92.235013 52.582301 0 0 255 0.158
334 20.769644 73.642103 0 0 255 0.2167
335 95.269184 82.862519 0 0 255 0.4214
336 34.149123 71.275147 0 0 255 0.3131
337 95.623458 88.04306 0 0 255 0.1363
338 34.874948 15.700093 0 0 255 0.2573
339 7.0778569 19.784201 0 0 255 0.4442
340 61.144272 87.392474 0 0 255 0.0871
341 55.463439 45.391575 0 0 255 0.41
342 89.908753 18.366665 0 0 255 0.0906
343 20.430483 71.738769 0 0 255 0.0486
344 78.518003 87.584976 0 0 255 0.0157
345 34.922899 79.005059 0 0 255 0.0051
346 96.818739 83.590527 0 0 255 0.4837
347 83.17545 53.117753 0 0 255 0.444
348 70.603799 20.389814 0 0 255 0.0248
349 21.872583 52.330326 0 0 255 0.3351
350 1.9478616 83.627364 0 0 255 0.4883
351 21.654115 21.049938 0 0 255 0.1101
352 53.604971 70.863412 0 0 255 0.042
353 11.18003 85.528715 0 0 255 0.1794
354 84.889199 46.478838 0 0 255 0.3666
355 90.545248 45.446196 0 0 255 0.3011
356 33.512536 93.454751 0 0 255 0.2257
357 46.952883 62.02492 0 0 255 0.4564
358 0.45735585 80.18231 0 0 255 0.0016
359 31.434645 39.420331 0 0 255 0.255
360 48.557129 31.329943 0 0 255 0.0722
361 26.646179 37.19364 0 0 255 0.2523
362 68.110574 71.111917 0 0 255 0.2841
363 90.384939 18.962451 0 0 255 0.3211
364 56.933781 48.196825 0 0 255 0.1035
365 27.247678 11.705206 0 0 255 0.1701
366 92.076843 13.740788 0 0 255 0.1637
367 6.3770852 94.582188 0 0 255 0.3075
368 62.47038 62.299993 0 0 255 0.2956
369 94.248362 43.299274 0 0 255 0.344
370 51.619869 69.966138 0 0 255 0.0832
371 95.140828 52.351355 0 0 255 0.3261
372 27.468444 64.477452 0 0 255 0.3843
373 52.670275 77.008678 0 0 255 0.1979
374 90.829864 61.376502 0 0 255 0.1981
375 21.867852 49.503719 0 0 255 0.3461
376 82.225429 47.86552 0 0 255 0.1188
377 14.607711 10.778343 0 0 255 0.4744
378 43.829239 90.846534 0 0 255 0.0679
379 86.996831 42.650228 0 0 255 0.2558
380 70.080654 41.969339 0 0 255 0.0207
381 49.702218 2.1183523 0 0 255 0.1562
382 60.788676 50.250632 0 0 255 0.1609
383 8.1073679 95.627857 0 0 255 0.4742
384 24.696864 26.943381 0 0 255 0.1037
385 3.0135633 73.657648 0 0 255 0.2447
386 83.879753 11.421822 0 0 255 0.2223
387 1.9178824 76.247312 0 0 255 0.4104
388 54.879844 76.278814 0 0 255 0.0087
389 12.432483 53.413337 0 0 255 0.3943
390 58.419436 16.21385 0 0 255 0.2704
391 62.115015 92.208762 0 0 255 0.0227
392 74.081607 20.2994 0 0 255 0.2569
393 31.798683 1.8918667 0 0 255 0.2228
394 91.18874 59.495251 0 0 255 0.2457
395 77.884505 60.002606 0 0 255 0.3299
396 10.629059 46.267799 0 0 255 0.2527
397 28.38863 58.870349 0 0 255 0.3709
398 90.352417 71.640159 0 0 255 0.4719
399 11.666995 40.223831 0 0 255 0.3997
400 78.627783 59.03263 0 0 255 0.2189
401 10.658179 42.166215 0 0 255 0.0452
402 76.056525 11.849385 0 0 255 0.4668
403 65.915265 34.716591 0 255 0 0.1892
404 76.947078 53.950024 0 0 255 0.3795
405 92.420742 12.481505 0 0 255 0.4019
406 18.059319 7.9604949 0 0 255 0.4021
407 2.7355157 28.526431 0 0 255 0.2979
408 83.005104 66.955131 0 0 255 0.1625
409 47.365178 44.895266 0 0 255 0.3742
410 11.363789 49.283264 0 0 255 0.2382
411 9.7075813 5.7334193 0 0 255 0.2578
412 11.906273 7.185545 0 0 255 0.24
413 17.364392 33.208967 0 0 255 0.212
414 96.590464 33.137895 0 0 255 0.088
415 28.771683 97.704026 0 0 255 0.1403
416 59.795913 74.36316 0 0 255 0.4388
417 84.832809 63.941859 0 0 255 0.4369
418 24.702715 87.507929 0 0 255 0.2448
419 72.38743 50.448719 0 0 255 0.3031
420 40.283884 36.836345 0 0 255 0.3588
421 31.229058 87.583776 0 0 255 0.07
422 64.948867 23.890103 0 0 255 0.2915
423 39.625955 15.722217 0 0 255 0.0975
424 12.33833 65.158448 0 0 255 0.0317
425 97.138925 25.180441 0 0 255 0.032
426 51.728945 14.955856 0 0 255 0.4699
427 50.75233 26.850708 0 0 255 0.2601
428 32.910111 29.170801 0 0 255 0.0751
429 20.274783 0.60093438 0 0 255 0.3233
430 85.603434 22.433779 0 0 255 0.2919
431 27.051103 66.245831 0 0 255 0.1562
432 53.835671 97.356949 0 0 255 0.3361
433 54.985139 24.820879 0 0 255 0.1985
434 95.839881 61.268803 0 0 255 0.1098
435 27.143776 96.39438 0 0 255 0.1204
436 26.918908 48.484997 0 0 255 0.1932
437 31.429955 29.416571 0 0 255 0.0168
438 55.651541 58.903225 0 0 255 0.1734
439 37.994889 53.547363 0 0 255 0.276
440 25.297635 12.607632 0 0 255 0.2792
441 67.370858 54.450263 0 0 255 0.0334
442 26.815935 14.47604 0 0 255 0.291
443 95.441522 25.459255 0 0 255 0.2379
444 49.757673 52.060929 0 0 255 0.331
445 42.847993 80.530507 0 0 255 0.393
446 56.702412 71.046813 0 0 255 0.095
447 61.20547 49.507922 0 0 255 0.4808
448 80.435693 88.631961 0 0 255 0.2675
449 87.776659 94.319667 0 0 255 0.4573
450 16.477022 45.582169 0 0 255 0.3228
451 9.5809728 28.294355 0 0 255 0.0767
452 31.472918 91.842296 0 0 255 0.0261
453 60.564476 48.995352 0 0 255 0.0075
454 37.983952 86.930263 0 0 255 0.0982
455 91.829668 20.961213 0 0 255 0.2639
456 6.4857671 11.237126 0 0 255 0.0738
457 98.61577 12.23405 0 0 255 0.0366
458 66.468777 56.632501 0 0 255 0.2774
459 61.516624 45.851626 0 0 255 0.4906
460 15.343189 36.813165 0 0 255 0.0814
461 3.3280358 74.773781 0 0 255 0.0783
462 57.118697 44.760184 0 0 255 0.0818
463 3.4465543 69.927956 0 0 255 0.0392
464 70.973099 92.160847 0 0 255 0.3592
465 21.669739 81.281185 0 0 255 0.2231
466 26.318354 3.8540934 0 0 255 0.2551
467 95.511485 95.887054 0 0 255 0.3026
468 18.461618 88.033786 0 0 255 0.4415
469 79.50209 63.143568 0 0 255 0.061
470 4.8142955 1.0760796 0 0 255 0.1451
471 31.07051 96.930491 0 0 255 0.0312
472 96.084017 38.037454 0 0 255 0.0718
473 27.105911 39.265202 0 0 255 0.034
474 12.669192 50.377238 0 0 255 0.0925
475 60.58211 54.367872 0 0 255 0.3843
476 64.413304 95.088313 0 0 255 0.4488
477 87.187496 85.3158 0 0 255 0.2591
478 89.213674 47.048527 0 0 255 0.4223
479 5.6847111 87.059152 0 0 255 0.1144
480 75.501625 38.313775 0 0 255 0.2142
481 85.087607 4.8064708 0 0 255 0.1841
482 48.217993 29.934526 0 0 255 0.348
483 8.156223 31.532641 0 0 255 0.4722
484 9.6091892 45.522863 0 0 255 0.1089
485 20.444665 48.122332 0 0 255 0.3765
486 77.531237 69.920443 0 0 255 0.2599
487 40.92442 35.943634 0 0 255 0.38
488 82.437831 93.378703 0 0 255 0.4404
489 15.440701 26.326914 0 0 255 0.1187
490 73.049234 73.766355 0 0 255 0.4698
491 15.279709 90.150952 0 0 255 0.0136
492 83.436508 57.754358 0 0 255 0.2808
493 54.495644 89.841111 0 0 255 0.4452
494 95.312589 5.5695886 0 0 255 0.0835
495 8.0401388 55.02881 0 0 255 0.2126
496 92.933735 0.39264885 0 0 255 0.1634
497 36.488315 14.716901 0 0 255 0.2838
498 7.2825475 40.193252 0 0 255 0.4135
499 95.868739 22.982012 0 0 255 0.1958
500 64.726577 52.751197 0 0 255 0.3107
