0
7.6235336e+01 8.1335999e+01
4.8634995e+01 9.5443733e+01
7.3569954e+01 5.3627342e+01
3.0119640e+01 6.3568258e+00
6.2946434e+01 8.4508102e+01
4.0955856e+01 7.4756912e+01
1.3055270e+00 3.3672859e+01
8.8760201e+01 3.3562508e+01
1.5664756e+01 3.9464592e+01
1.5932760e+00 5.7435555e+01
1.1159811e+01 6.7915215e+01
8.9735718e+01 1.4627758e+01
1.0164370e+01 8.5812714e+01
3.8312275e+01 2.8816862e+01
1.4825387e+01 3.5996090e+01
3.7212231e+01 3.5823761e+01
2.6854792e+01 9.8975390e-01
3.5321011e+01 2.9573751e+01
3.0474496e+00 7.7123749e+01
3.9769108e+01 7.9263046e+01
7.2749146e+01 4.5446720e+01
6.7720947e+01 6.5414207e+01
9.4377243e+01 1.8023487e+01
9.8167664e+01 2.6351917e+01
8.2100571e+01 5.8619324e+01
6.4254150e+01 2.8603117e+01
9.0914063e+01 2.5308134e+01
7.2862267e+01 7.4823143e+01
8.5974350e+00 5.9201977e+01
3.7488300e+01 4.1072277e+01
6.6426338e+01 4.8284409e+01
6.2894440e+01 9.1614639e+01
4.7008003e+01 2.8240404e+01
2.5580111e+01 5.3884132e+01
3.7242596e+01 4.3210678e+01
5.2810734e+01 4.8859703e+01
4.7165257e+01 7.8558441e+01
1.4757710e+01 6.2814915e+01
9.1302711e+01 9.5021744e+01
9.2448025e+00 1.5254443e+01
8.1823368e+00 3.9034733e+01
3.6662666e+01 2.4822777e+01
7.5760277e+01 7.7536316e+01
3.3804489e+01 6.8047054e-02
6.5789406e+01 7.2448668e+00
5.9692249e+01 8.5166588e+01
6.8526543e+01 1.8162750e+01
3.9044390e+00 7.2061478e+01
1.0682412e+01 4.8984646e+01
1.8482538e+01 4.9940956e+01
8.4146706e+01 5.8118736e+01
5.8184883e+01 5.8026379e-01
7.7448320e-01 4.8190075e+01
5.0673061e+01 6.3793159e+01
8.9399063e+01 2.4180498e+01
8.1572609e+00 9.1086945e+01
5.5240505e+01 3.5769699e+01
3.5093536e+01 7.7587570e+01
2.9007654e+01 5.2977165e+01
8.2717239e+01 1.2398916e+01
4.3245556e+01 5.0864906e+01
5.0513348e+01 1.5783233e+01
8.6859146e+01 3.3845951e+01
3.7165806e+01 3.7897114e+01
5.2477937e+00 1.3053883e+01
9.9094391e+01 7.8290184e+01
3.3114395e+01 6.1263733e+01
8.3379051e+01 4.7971378e+01
6.9766434e+01 9.0147314e+00
6.3687962e+01 3.6570168e+01
3.2605492e+01 1.2870663e+01
2.2767235e+01 6.5967957e+01
5.3505459e+01 2.2163500e+01
9.3116173e+01 8.7473564e+00
1.4908759e+01 9.4101486e+01
8.8663818e+01 2.4904821e+01
5.7723614e+01 5.8782646e+01
3.4578686e+01 2.3494701e+01
3.1484455e+01 1.5440102e+01
2.9785006e+01 8.7220467e+01
9.8741417e+01 4.9155632e+01
5.7325310e+01 7.4615541e+00
5.0273724e+01 9.3313057e+01
9.1400513e+01 6.4821777e+01
3.5475758e+01 2.7223240e+01
3.6735054e+01 5.6008175e+01
6.3143463e+01 9.0637604e+01
7.5856117e+01 1.1696544e+01
8.1892654e+01 1.7277245e+01
9.2942322e+01 7.2012726e+01
6.5696955e+00 3.8039886e+01
8.9088654e+01 8.6356377e+01
1.7268917e+01 8.1207047e+01
3.1508715e+00 8.2516441e+01
2.0950108e+01 1.7589468e+00
4.7740345e+00 6.3754997e+00
3.2153214e+01 4.8149290e+00
3.1776087e+01 6.7972488e+01
9.8936371e+01 8.9252136e+01
2.7490101e+00 4.2291172e+01
7.2917274e+01 2.6715551e+01
4.7556316e+01 6.3864319e+01
9.8176826e+01 8.5175524e+00
6.3347176e+01 2.3131248e+01
7.2787781e+01 3.8335255e+01
2.1773766e+01 1.9458921e+01
1.8860247e+01 2.2149185e+01
2.4289946e+01 5.0834621e+01
8.2249580e+01 8.5268946e+00
2.6725679e+01 2.3460764e+01
7.1451210e+01 6.2140305e+01
3.1773079e+01 4.5830063e+01
3.6710915e+01 1.1315743e+01
7.8586365e+01 3.1332008e+01
8.5007767e+01 9.6450790e+01
4.2389374e+01 7.1039169e+01
2.4321169e+01 6.0292141e+01
9.3800728e+01 5.4044567e+01
3.1471981e+01 6.3354000e+01
5.7528175e+01 6.5689836e+00
4.1831898e+01 7.8166489e+01
5.3149918e+01 9.3029709e+01
6.6324043e+01 1.4578816e+01
9.6892326e+01 7.2359955e+01
5.1391636e+01 5.5002209e+01
9.2629707e+01 3.1090763e+01
1.0990509e+01 3.3262444e+01
4.2773167e+01 2.1054846e+01
7.6165215e+01 7.3642365e+01
6.5282272e+01 1.4044624e+01
2.7397278e+01 1.7729666e+01
1.1724195e+01 4.8354179e+01
9.7668121e+01 5.8454223e+00
4.3121925e+01 8.2857605e+01
6.0058044e+01 4.7114117e+01
3.5274071e+01 9.3123932e+01
4.2706627e+01 7.6459260e+00
5.3295521e+01 4.1041325e+01
4.6088722e+01 6.9837250e+01
5.6319523e+01 2.4521030e+01
7.2814209e+01 6.7455650e+01
6.7618034e+01 6.7074203e+01
1.8538525e+01 8.0960526e+01
7.2838837e+01 3.8402260e+01
1.4074931e+01 8.5420837e+01
8.9624069e+01 6.6142607e+00
5.3428341e+01 7.9426643e+01
8.5566490e+01 1.0282312e+01
9.0224472e+01 8.7551147e+01
8.2758541e+00 4.2687545e+00
3.5887001e+01 2.1205151e+01
3.1269638e+01 7.7106468e+01
4.6919277e+01 3.1360121e+00
1.2468298e+01 5.9686352e+01
4.5776058e+01 9.3583612e+00
8.2669888e+00 4.5103642e+01
8.0064644e+01 5.8963921e+01
8.5471886e+01 1.7737432e+01
8.8193733e+01 8.7042992e+01
2.5830769e+01 4.5985359e+01
6.0921640e+00 6.8860336e+01
2.3453854e+01 2.7548149e+01
1.9248629e+01 2.4463230e+01
3.4112335e+01 8.8756294e+01
3.7077377e+01 2.2059816e+01
4.7218418e+01 3.0153872e+01
4.2493855e+01 1.5790825e+01
1.6232145e+01 7.9402046e+01
4.8588020e+01 9.8928024e+01
1.3065964e+00 5.9537647e+01
7.6412155e+01 2.7067894e+01
4.9174595e+01 5.7196703e+00
5.3153690e+01 6.7549164e+01
5.9596272e+01 6.6819290e+01
1.8342710e+01 6.1107967e+01
6.5128471e+01 9.5567312e+00
1.7247442e+01 3.9694595e+01
8.1543144e+01 2.3607354e+00
5.5240204e+01 3.0410973e+01
6.9913544e+01 9.3724373e+01
8.4669975e+01 8.9688087e+01
8.8203156e+01 1.5553257e+01
9.6656792e+01 5.4107765e+01
1.3399491e-01 3.5850117e+01
9.4227036e+01 6.4683495e+01
5.2177048e+01 5.7052235e+01
3.0337578e+01 1.9949810e+01
2.5699255e+01 6.4359498e+00
4.5906577e+00 3.9870392e+01
2.0617661e+01 9.3225021e+01
2.5820290e+01 7.7359665e+01
2.9352917e+01 1.3387416e+01
6.4234879e+01 9.7123306e+01
1.5440596e+01 6.7577599e+01
3.6429676e+01 5.2557869e+01
1.9850306e+01 2.0279213e+01
8.9336510e+01 3.0610159e+01
7.9878876e+01 6.8925560e+01
7.5057327e+01 1.7818938e+00
6.0425396e+01 1.0623030e+01
3.7531658e+01 7.8756170e+00
6.5522232e+01 9.1075211e+01
6.4117516e+01 4.3612736e+01
1.9187607e+01 9.5403206e+01
9.0418549e+01 3.9914867e+01
7.8981628e+01 9.3780167e+01
8.5069717e+01 3.6424809e+01
7.3089203e+01 8.6145805e+01
8.2697342e+01 3.8753513e+01
3.2319626e+01 9.9739334e+01
7.7898354e+01 9.1974762e+01
2.2103861e+01 8.0786804e+01
4.0837543e+01 6.6049217e+01
6.6387329e+01 8.7401695e+01
6.5940475e+01 4.1144829e+01
9.5257004e+01 3.4604950e+01
1.9163570e+01 1.2306617e+00
4.1208328e+01 6.4343658e+01
6.4519444e+00 9.2856339e+01
5.5148651e+01 1.3484939e+01
4.6249226e+01 8.2689529e+01
1.2550498e+01 3.0984470e+01
9.2302811e+01 5.2169025e+01
3.2609226e+01 5.1776558e+01
1.9511599e+01 5.4105479e-01
3.8826088e+01 6.9405487e+01
5.5192413e+01 8.8581764e+01
4.8129139e+01 6.2015400e+01
1.0895049e+01 4.4468811e+01
8.7460846e+01 1.7038733e+01
4.5774895e+01 7.0550308e+01
1.7026006e+00 6.8770752e+01
7.1535919e+01 3.5169365e+01
3.4872768e+01 9.9905453e+00
9.1085770e+01 7.2377596e+00
3.7726410e+01 6.3886341e+01
4.8298588e+01 9.2912392e+01
7.9201035e+01 5.7658024e+00
5.4660114e+01 6.3513256e+01
1.6594299e+01 5.3794866e+00
5.0073467e+01 2.1731922e+01
9.9259062e+00 2.0158430e+01
4.9733032e+01 3.9214630e+01
4.9627426e+01 7.2643619e+00
2.6727608e+01 1.2764262e+01
3.5200250e+00 3.8073807e+01
8.0913055e+01 2.8690577e+01
7.8981712e+01 9.2564926e+01
4.8598492e+01 9.5248337e+01
3.9271893e+01 8.3048645e+01
1.4718995e+01 1.6380013e+00
9.1725969e+00 6.7832074e+00
9.9421692e+01 8.8703949e+01
5.4422073e+01 5.5234051e+01
4.3710456e+00 7.1250160e+01
2.1857840e+01 1.4088491e+01
2.0582993e+01 3.4803699e+01
8.2752762e+01 7.2607307e+01
1.9226580e+01 4.0691216e+01
3.0519012e+01 2.3493126e+01
6.9585556e+01 1.2454087e+01
4.5771347e+01 7.5178032e+01
5.4251373e+01 4.3912807e+01
5.6682308e+01 1.7280497e+01
8.0622864e+01 6.4601479e+01
9.0628616e+01 7.6954430e+01
1.9916870e+01 2.1828346e+01
3.4319256e+01 7.8950829e+01
4.0147938e+01 9.0278580e+01
9.3912170e+01 7.5435043e+01
3.7914074e+01 9.9860527e+01
7.4068016e+01 4.2950439e+01
1.5329579e+01 8.0406967e+01
7.5455704e+01 5.3391888e+01
9.3074730e+01 5.7877831e+01
4.3915863e+01 1.3450073e+01
9.8286140e+01 8.7138307e-01
9.1304863e+01 3.2710415e+01
1.6890398e+01 8.5355053e+00
4.7983421e+01 2.4437906e+01
5.3987568e+01 5.1381390e+01
9.9980080e+01 6.5051964e+01
3.0200579e+00 2.5036747e+01
1.0051420e+01 3.8392902e+01
8.4716202e+01 5.3635952e+01
2.1177275e+01 6.9104416e+01
8.0176857e+01 8.4329674e+01
9.3470413e+01 5.8040900e+00
4.8977165e+01 4.7306675e+01
3.1046877e+01 4.9186531e+01
9.2784660e+01 1.6755682e+01
1.4094257e+01 3.2801453e+01
9.7748680e+01 9.7355255e+01
6.3191845e+01 5.4971729e+01
6.4794945e+01 7.8164902e+01
2.7877840e+01 2.9163954e+01
1.5963232e+01 4.1200760e+01
9.5252905e+00 6.7096855e+01
4.7054771e+01 8.5514252e+01
9.9779785e+01 3.3970448e+01
8.2110023e+01 2.9252447e+01
4.0128387e+01 1.8421572e+01
7.3616409e+01 8.1963844e+01
8.5610664e+01 4.1158993e+01
8.3849365e+01 3.7323605e+01
8.6249092e+01 8.5704041e+01
7.7379173e+01 2.2487253e+01
8.3467453e+01 7.2260277e+01
5.2529690e+01 5.4442192e+01
5.5582424e+01 1.1458453e+01
4.0454247e+01 9.6011375e+01
3.6394730e+01 6.8570671e+01
4.4977570e+00 7.4573784e+01
7.3972809e+01 4.0760098e+01
7.9642952e+01 2.5101402e+01
9.2913345e+01 3.0701628e-02
2.0927246e+00 4.5772541e+01
7.2679199e+01 8.2763550e+01
9.2419243e+01 9.2066507e+00
5.7057140e+01 1.3074397e+01
7.2214653e+01 5.5275730e+01
6.5343552e+01 3.1699610e+01
1.3806883e+01 2.4827378e+00
8.4558350e+01 6.4715225e+01
4.5358093e+01 5.4057510e+01
8.3803276e+01 7.1166735e+00
5.9542145e+01 4.2205845e+01
6.8223033e+00 1.5134237e+01
3.0014529e+00 4.9357574e+01
6.6888390e+01 9.8132050e+01
5.5912418e+01 6.8794632e+01
8.9332054e+01 7.6036026e+01
4.6242588e+01 1.8700230e+01
2.1343777e+01 2.1458939e+01
8.1661530e+01 3.4554379e+00
5.6123569e+01 3.7038151e+01
2.3571461e+01 2.3919638e+01
9.9017456e+01 2.7974703e+01
7.2352341e+01 7.4466423e+01
3.6972130e+01 1.7359579e+01
8.0670341e+01 2.8706739e+01
5.9455254e+01 1.7595968e+01
6.2577206e+01 8.1161938e+00
1.8930490e+01 1.5073905e+01
2.0132204e+01 4.8193546e+01
1.2042611e+01 4.7226265e+01
6.6407005e+01 2.5312681e+01
8.8594875e+00 5.1192833e+01
8.3988007e+01 8.4090416e+01
5.6834175e+01 4.1541794e+01
2.1469290e+01 9.8777161e+00
3.8591728e+01 3.0845613e+01
9.6933411e+01 2.3891941e+01
6.8211716e+01 4.1380974e+01
4.7046219e+01 3.9543102e+01
6.9368927e+01 6.8820084e+01
3.3145557e+01 7.6670227e+00
9.0511047e+01 4.9503338e+01
9.1582901e+01 9.5663658e+01
7.7193573e+01 5.1730877e+01
9.4580627e+01 9.0948853e+01
3.9758587e+01 5.8483463e+01
6.9996750e+01 9.2663002e+01
2.5735504e+01 3.4080448e+01
1.3642664e+01 5.7240349e+01
3.0658136e+01 7.0505539e+01
1.6178488e+01 9.3227554e+01
5.8434074e+01 9.0478569e+01
1.8114418e+01 5.8650677e+01
7.2968544e+01 4.3824169e+01
1.0754488e+00 2.6448995e-01
6.6436478e+01 7.1285904e+01
2.1240742e+01 8.8178535e+01
6.4128528e+00 2.5657097e+01
9.1747757e+01 4.1639248e+01
1.4012845e+01 3.3947231e+01
2.4855227e+01 1.2157771e+01
6.8259575e+01 5.6275402e+01
5.1788021e+01 8.8708176e+01
2.8088881e+01 4.7280056e+01
4.8440636e+01 1.6380981e+01
1.2716722e+01 5.4056854e+01
8.4952364e+00 7.4661995e+01
8.3536423e+01 9.0984116e+01
2.2013855e+01 4.4416710e+01
2.6279160e+01 1.6268030e+01
3.7193386e+01 3.6956213e+00
4.0862766e+01 9.7637466e+01
5.7258763e+00 3.1635887e+01
8.1700153e+00 9.5340790e+01
3.8085495e+01 6.7020134e+01
1.7939293e+01 9.4448185e+00
2.4067545e+01 6.3463116e+01
1.0016665e+01 3.5408787e+01
6.0336971e+00 6.7322965e+00
2.4099910e+00 4.7003605e+01
2.7571604e+01 1.1368424e+01
5.3901978e+01 7.8869621e+01
1.8655935e+01 9.3557442e+01
3.6420567e+01 1.2353580e+01
1.9901724e+01 2.5115152e+01
7.2931427e+01 7.7738205e+01
9.3129959e+01 9.4812546e+00
3.0308712e+01 7.3575447e+01
1.3219110e+01 8.4779533e+01
4.3456692e+01 6.9557083e+01
8.7095230e+01 5.1286068e+01
8.6896210e+01 3.2041738e+00
9.9717331e+01 4.1057636e+01
3.0964036e+00 2.6291873e+00
4.4043304e+01 9.6007378e+01
4.3023445e+01 6.7722687e+01
5.2215981e+01 9.7375328e+01
7.3694580e+01 2.0338785e+01
8.5874233e+00 9.4326111e+01
5.9966976e+01 9.0401436e+01
9.1703804e+01 1.2316756e+01
3.3357502e+01 3.9326164e+01
6.2001842e+01 8.2912285e+01
1.9380796e+01 3.4749592e+01
8.4721909e+01 2.5887157e+01
6.7095075e+00 8.1281700e+01
5.3421585e+01 3.1735800e+01
6.4018965e+00 8.0843422e+01
5.8477676e+01 3.8125439e+01
6.7508476e+01 4.3124931e+01
2.7093189e+01 6.7359802e+01
8.6560768e+01 9.1797462e+01
4.6580067e+01 9.3582275e+01
7.2761520e+01 1.5334292e+01
7.1067146e+01 3.8232368e+01
8.1374378e+00 9.2644180e+01
3.2868016e+00 5.0179325e+01
7.2481514e+01 8.3193077e+01
3.7722588e+01 1.2992143e+01
8.6603729e+01 8.8877001e+00
4.9154198e+01 3.5965122e+01
6.4225204e+01 7.0717278e+01
1.1514856e+01 2.7803457e+01
5.2792278e+01 3.6997177e+01
3.5980198e+01 2.2283381e+01
8.6553368e+01 1.2031021e+01
2.4336658e+01 2.3736656e+01
7.1433014e+01 4.4105560e+01
4.3931225e+01 6.6869240e+01
7.0553711e+01 5.9954987e+01
4.3883312e+01 4.0209206e+01
6.1697693e+01 1.9179279e+01
4.8743523e+01 5.3891230e+00
9.3567200e+01 6.6573738e+01
8.5412796e+01 5.5503208e+01
7.6393105e+01 2.2924473e+01
2.1889561e+01 9.4939835e+01
4.2583151e+00 9.5547340e+01
2.2291189e+01 9.0374969e+01
2.1443584e+01 8.6954584e+00
5.1600170e+01 3.8022480e+01
1.3169979e+01 5.0933033e+01
9.5714149e+01 1.5772204e+01
2.2303476e+01 1.1671002e+01
9.7633011e+01 4.0506924e+01
6.7903694e+01 3.2282509e+01
4.8995033e+01 3.0674603e+01
6.8940117e+01 2.8564035e+01
1.7678005e+01 8.2102272e+01
5.7065559e+01 5.0780491e+01
3.6810276e+01 1.0732167e+00
9.6028053e+01 3.5130451e+01
2.8290335e+01 2.8491590e+00
1.2118790e+01 6.6190140e+01
8.4792709e+01 7.6104462e+01
7.9995003e+01 1.3742595e+01
8.8241699e+01 3.4149323e+01
1.2833352e+00 2.9371033e+01
9.9863380e+01 2.2354256e+01
5.9560303e+01 8.8293076e+01
1.7180363e+01 2.7848217e+01
3.4623272e+01 4.0135220e+01
5.6692490e+01 4.2347942e+01
1.1406380e+01 8.8694519e+01
8.7490700e+01 6.1886177e+01
2.4462542e+01 5.5207100e+01
1.0680192e+01 6.8241653e+01
3.7623920e+01 9.2240913e+01
5.2242817e+01 2.6033852e+01
7.0269684e+01 6.0525999e+00
1.2847704e+01 4.6730690e+01
4.6571335e+01 1.4096127e+01
9.7122864e+01 1.6227468e+01
6.2152203e+01 1.1343464e+01
2.7029493e+01 5.6190578e+01
3.3789173e+01 4.4175262e+01
2.9234715e+01 9.1019577e+01
2.2101158e+01 9.3822090e+01
7.4757095e+01 2.2066425e+01
9.4610069e+01 5.2684464e+01
4.0663616e+01 6.8660904e+01
2.7126657e+01 3.6332668e+01
5.8225227e+01 2.1526175e+01
2.5104877e+01 1.1584775e+01
9.6923933e+00 6.8328934e+01
8.3424797e+01 3.6784214e+01
3.6730751e+01 9.3393402e+01
9.3005638e+01 4.2457104e+00
2.7560877e+01 2.4018852e+01
4.5716763e+01 4.6811077e+01
5.6975246e+01 9.4375313e+01
8.5245949e+01 2.0554153e+01
6.3659191e+01 2.4612440e+01
9.0064991e-01 3.8966036e+00
6.2621655e+01 6.7601479e+01
6.3759377e+01 5.9744186e+01
7.0454717e+00 5.8640602e+01
6.0156670e+01 9.1725563e+01
3.3495724e+01 1.4489003e+01
8.6176620e+01 8.8213509e+01
4.7178707e+01 6.7255112e+01
2.8646334e+01 8.8530952e+01
2.9822893e+01 8.5949791e+01
7.3061905e+01 2.4592031e+01
8.1757256e+01 3.3925201e+01
4.6946266e+01 8.8200821e+01
4.1891132e+01 3.3955376e+01
2.8329313e+01 4.9328323e+01
6.4553741e+01 6.4374641e+01
2.3357271e+01 3.9106889e+00
7.0530487e+01 8.9475136e+01
4.4479755e+01 6.1059467e+01
3.1136852e+01 3.5274929e+01
1.2292305e+00 8.9047295e+01
8.8799873e+01 5.7803345e+01
4.9299023e+01 2.7030035e+01
6.5370811e+01 1.5210187e+01
3.0442553e+01 3.5189167e+01
6.0271793e+01 4.7290859e+01
7.5657692e+01 9.9825706e+01
9.4582970e+01 8.6429428e+01
3.7186691e+01 3.1909746e+01
1.4305551e+01 7.2496857e+01
6.1053463e+01 9.7687263e+01
2.6290310e+01 2.0901796e+01
1.1176434e+01 9.8168594e+01
3.6996217e+00 9.7776474e+01
8.5365534e+00 7.0670486e+01
6.4375381e+01 8.9190414e+01
5.4446548e+01 2.0056437e+01
9.5113831e+01 1.2319786e+01
6.5658752e+01 9.9917641e+01
6.7602318e+01 5.6604514e+00
6.0865437e+01 5.4659496e+01
6.7651886e+01 5.2657852e+01
3.0868111e+00 2.3061996e+00
3.8363564e+01 3.8537048e+01
2.0508390e+01 8.4808929e+01
1.9994967e+01 1.3651439e+01
9.9520744e+01 3.7740292e+01
5.4547981e+01 3.8328732e+01
6.8031097e+01 3.4480827e+01
1.1476946e+01 1.3978022e+01
6.4557693e+01 4.1350704e+01
8.2420860e+01 6.3131905e+01
1.9184042e+01 7.9612526e+01
8.7491905e+01 7.1326995e+00
5.6141979e+01 2.7868891e+01
3.3406570e+01 4.3321071e+