0
2.6302671e+01 3.9822853e+01
9.9036873e+01 4.6200184e+01
2.6324518e+01 8.5582886e+01
6.6993919e+01 1.3506420e+01
5.3371773e+01 3.0466824e+01
2.1898935e+01 3.7707809e+01
7.3889496e+01 9.0819960e+00
3.3169460e+01 8.1587914e+01
8.3985359e+01 4.9624943e+01
7.6684189e+01 4.0879560e+00
4.0488201e+01 6.3801865e+01
4.1538197e+01 8.1696648e+01
3.3635044e+01 7.6330482e+01
2.1213690e+01 9.7230568e+01
5.5539806e+01 1.2947214e+01
2.1493536e+01 4.8181015e+01
1.3226272e+01 5.1878815e+01
1.1362866e+00 6.4400795e+01
3.2761360e+01 5.7897747e+01
9.8147781e+01 4.0627281e+01
1.9040543e+00 6.0365654e+01
8.4425751e+01 8.3185532e+01
2.6889145e+00 7.0795636e+00
3.4620426e+01 4.2188030e+01
9.2492203e+01 2.4270517e+01
9.1245369e+01 5.0645256e+01
2.3825336e+00 3.9764534e+01
5.7389233e+01 2.0123833e+01
3.4936733e+01 8.1100945e+01
5.0820637e+01 4.8936878e+01
6.0205734e+01 4.3313282e+01
8.8446121e+00 8.3323616e+01
2.8144005e+01 3.2113140e+01
4.1960556e+01 3.4673084e+01
3.8570038e+01 2.7377411e+01
9.6188057e+01 9.6569443e+01
3.5604336e+01 7.9124680e+01
9.8868294e+01 2.4283922e+01
2.2535206e+01 4.3576550e+01
3.0815174e+01 3.6311298e+01
2.5191559e+01 9.0434845e+01
8.8881760e+01 7.2646210e+01
6.7155861e+01 6.4165924e+01
7.7323936e+01 9.7717514e+01
5.8529289e+01 6.1868275e+01
9.3784706e+01 6.7246361e+01
4.1465012e+01 9.8209976e+01
5.6288845e+01 8.7766426e+01
8.0314438e+01 6.3957508e+01
5.1329102e+01 8.5142319e+01
3.1985210e+01 4.8777767e+01
6.9941574e+01 6.4144958e+01
8.2988617e+01 9.1280121e+01
3.8609180e+01 8.4990181e+01
9.3657921e+01 3.9675690e+01
4.4898689e+01 4.7196999e+00
4.7148132e+01 5.4965954e+01
3.9280357e+00 3.1401094e+01
6.1081673e+01 6.5233192e+01
1.1077203e+01 1.7346085e+01
8.3083023e+01 8.4390205e+01
7.8797226e+01 7.3894196e+01
5.7949768e+01 4.1657085e+01
6.0938396e+01 2.4781387e+01
2.3835972e+01 2.9067871e+01
2.6710035e+01 2.7711023e+01
6.7577988e+01 6.3470078e+01
5.8200706e+01 8.4467064e+01
4.5171566e+01 7.6765289e+01
1.0329100e+01 2.8757195e+01
5.2413067e+01 9.3549179e+01
9.0162209e+01 2.7946110e+01
1.2846587e+01 2.8844313e+01
8.3728920e+01 5.9936886e+01
3.5412479e+01 4.0279568e+01
8.2773346e+01 2.9681072e+01
8.2571976e+01 9.8854759e+01
4.1333939e+01 7.1145729e+01
8.1186211e+01 3.3957464e-01
2.2600500e+01 4.0038288e+01
3.0570550e+00 2.5390833e+01
8.0192825e+01 4.0187843e+01
3.9791077e+01 7.0632385e+01
5.4821117e+01 4.2204041e+01
9.7526627e+01 1.5227037e+01
5.7229530e+01 4.6882500e+01
4.1068317e+01 5.7880096e+01
5.1390900e+01 1.7798201e+01
2.4101665e+01 5.7749264e+01
4.8111794e+01 5.7626148e+01
5.2414970e+01 3.9395752e+01
6.8523758e+01 3.0951015e+01
4.0434071e+01 7.6696693e+01
3.9377708e+01 4.2675388e+01
3.7879734e+01 5.3548992e+01
3.7625141e+01 6.5608665e+01
2.2986282e+01 1.0230077e+01
1.0460957e+01 7.3416489e+01
8.1473923e+01 2.3440916e+01
5.8819347e+01 7.5833160e+01
1.6346237e+01 3.5342117e+01
8.7255371e+01 7.1887131e+01
6.2588116e+01 4.2303814e+01
9.1211464e+01 3.3862343e+01
1.2968367e+01 7.7625427e+01
7.3859390e+01 9.8159523e+00
9.6405159e+01 7.4141342e+01
5.9024555e+01 8.5695389e+01
8.8731262e+01 7.2413872e+01
9.4141129e+01 7.9445564e+01
7.7200134e+01 4.8124874e+01
1.7752689e+01 4.8969692e+01
4.4702591e+01 6.8312759e+01
9.9764565e+01 8.3404617e+01
8.7417900e+01 5.0261490e+01
4.9470505e+01 1.2894576e+01
3.0501923e+01 8.9133621e+01
2.6317589e+01 1.5894568e+01
6.0418858e+01 4.0849384e+01
8.1439865e+01 2.5007511e+01
4.9652096e+01 9.5249100e+01
4.1824331e+00 3.2456776e+01
9.7835464e+00 5.1236233e+01
4.7154251e+01 7.4518486e+01
7.2309708e+01 1.0383708e+01
5.5789219e+01 3.0585552e+01
6.3066708e+01 3.8396152e+01
3.3961578e+01 7.0081272e+00
5.7653885e+00 4.8559232e+00
3.5893124e+01 8.8452759e+01
6.2891438e+01 8.4091365e-01
8.6405914e+01 3.0245218e+01
9.8104500e+01 5.1287373e+01
9.6515900e+01 3.4009636e+01
2.3274054e+01 8.4380966e+01
5.9428913e+01 9.5889206e+01
7.5418823e+01 9.3794670e+01
8.3192291e+01 4.1731415e+01
5.4070286e+01 3.1252005e+01
4.0571404e+01 6.6843361e+01
3.7959911e+01 9.6679550e+01
9.4162048e+01 7.9270416e+01
9.1433449e+01 5.1122562e+01
8.5315948e+01 5.0241847e+00
6.5624733e+01 6.3632893e+01
5.9148067e+01 5.1283199e+01
9.7175194e+01 1.7498405e+01
3.4710781e+01 3.9312717e+01
8.1642065e+00 4.3468342e+01
1.9361403e+01 1.2697389e+01
1.4919468e+01 1.8039228e+01
9.4159756e+00 9.8453339e+01
6.0505222e+01 6.3401012e+01
1.5373644e+01 4.8683884e+01
9.5940323e+01 1.2303356e+01
9.9312263e+01 1.8665701e+01
4.8576885e+01 5.5887085e+01
1.4497411e+01 4.3599941e+01
3.2574188e+01 7.5436043e+01
9.2813293e+01 6.0735455e+01
7.6031487e+01 7.0039703e+01
3.4315483e+01 8.6168900e+01
6.2097195e+01 3.1316990e+01
1.5021827e+01 9.6349304e+01
7.2508698e+00 8.3637039e+01
4.3999252e+01 8.3162041e+01
2.8958282e+01 3.6827335e+00
6.8870613e+01 4.8440147e+01
8.7028862e+01 5.6737911e+01
5.0057137e+01 7.8848320e+01
1.8258572e+01 3.8739494e+01
9.8388443e+01 9.5307755e+01
2.2320314e+01 9.2920746e+01
9.8153481e+01 2.4775028e+00
9.8367752e+01 7.7782150e+01
1.8232138e+01 7.3280800e+01
7.6447441e+01 9.9161484e+01
4.7638729e+01 9.1062416e+01
3.5568016e+01 8.3334908e+01
7.8624962e+01 3.7685722e+01
5.1154057e+01 6.0365940e+01
4.3130812e-01 5.9725872e+01
6.8616257e+01 4.7329372e+01
5.9842224e+01 6.6888115e+01
5.6898327e+01 6.9572441e+01
9.0892021e+01 1.6877907e+01
5.6115044e+01 3.4835545e+01
1.5384574e+01 1.9172228e+01
9.6774689e+01 7.9840141e+01
6.8331467e+01 4.6488987e+01
3.4583111e+01 4.1861454e+01
7.9796853e+00 7.7224289e+01
1.4455516e+01 6.8838860e+01
2.8791130e+01 4.7247777e+00
5.0115910e+01 7.0737022e+01
7.5529423e+00 3.9985115e+01
8.1543228e+01 3.2155865e+01
7.7738785e+01 3.2081068e+00
5.1526875e+01 5.1597763e+01
4.5307720e+01 4.6637844e+01
2.4723396e+01 4.6335396e+01
3.0318844e+01 7.6173759e+01
5.7860027e+01 6.3483955e+01
4.3055943e+01 4.2496189e+01
1.8109480e+01 6.7666428e+01
8.0798264e+01 5.3781700e+01
3.8164562e+01 3.3570961e+01
6.1939468e+01 2.1559053e+01
9.1169891e+01 5.7734398e+01
9.7848602e+01 8.8854408e+01
6.6421989e+01 1.8046225e+01
3.9683022e+01 5.4969549e+00
2.7627916e+01 5.1752415e+01
2.7304911e+01 9.3038502e+00
3.9516510e+01 9.3148636e+01
1.0519179e+01 4.3835999e+01
5.5725189e+01 1.0687690e+01
9.0420609e+00 9.3513832e+01
7.1139236e+01 9.8859100e+00
2.6926176e+01 4.5104984e+01
5.5239296e+01 2.3198734e+01
3.9609100e+01 9.0943275e+01
9.9516846e+01 9.0945503e+01
2.7319014e+01 7.3711250e+01
3.1646164e+01 4.8398960e+01
3.7262321e+01 3.5216034e+01
7.1855354e+01 7.3314835e+01
1.8834597e+01 7.2310928e+01
3.2817841e+01 1.5462348e+01
9.1037605e+01 2.1962982e+01
9.3389580e+01 2.5126284e+01
6.9351486e+01 9.4439194e+01
8.6463299e+00 2.1086760e+01
5.0273120e-01 4.8681854e+01
5.3928970e+01 9.0242729e+01
2.7884876e+01 5.7166134e+01
3.8984039e+01 9.0830566e+01
3.7830227e+01 3.8880562e+01
6.9790344e+01 3.9099159e+01
1.7497488e+01 4.8543934e+01
8.0291512e+01 9.5338150e+01
8.8831383e+01 9.7769592e+01
4.0082846e+00 2.9316023e+01
6.9866890e+01 4.9610874e+01
6.3831029e+00 3.7470013e+01
5.4592098e+01 7.1769066e+01
5.2713707e+01 4.5999141e+00
9.5650002e+01 5.5717888e+01
4.3661091e+01 5.1352970e+01
2.0351154e+01 9.0961905e+00
1.0571255e+01 8.5447273e+01
9.7852831e+00 6.9432435e+00
2.6229034e+01 7.9366203e+01
2.3261539e+01 4.3698563e+01
5.3166191e+01 3.0166639e+01
5.5873363e+01 6.2360958e+01
2.1274857e+01 1.8078705e+01
7.5675453e+01 4.9799114e+01
9.9231361e+01 6.9735199e+01
9.8776581e+01 7.7928642e+01
1.1432078e-01 4.9153744e+01
2.5593613e+01 3.9318253e+01
4.0604847e+01 4.5005100e+01
7.9578224e+01 7.2760323e+01
5.5285557e+01 9.6236023e+01
6.0919521e+01 9.9438782e+01
5.2809021e+01 9.9775352e+01
5.2041939e+01 9.3549904e+01
8.9085236e+01 7.3837135e+01
8.9159248e+01 9.2579300e+01
2.4141481e+01 8.2447147e+00
4.4712070e+01 1.1910907e+01
2.3936993e+01 1.9234894e+01
4.9207420e+01 6.6041672e+01
6.6168640e+01 4.0361420e+01
1.7795479e+01 1.4398049e+01
9.9827948e+00 2.3402254e+01
3.6860020e+01 4.3598186e+01
9.3512497e+01 9.3585159e+01
8.9654341e+00 6.9976402e+01
3.0287790e+01 1.9813628e+00
5.0694592e+01 9.6284042e+01
8.5821251e+01 4.4577133e+01
8.7228317e+01 8.4703629e+01
2.9049330e+01 7.2318420e+01
8.9958542e+01 1.4660768e+01
6.9814377e+01 9.9333611e+01
5.8993660e+01 7.8390984e+01
1.3200773e+01 2.7574936e+01
6.1106071e+01 2.9816250e+01
8.4292809e+01 4.5278816e+01
9.5488159e+01 4.3008747e+01
2.8006639e+00 2.3931070e+01
7.4624481e+01 5.5366913e+01
1.6004791e+01 3.3832588e+01
7.5654358e+01 6.7601601e+01
3.0597969e+01 2.1896587e+01
3.8790333e+01 4.7727753e+01
1.9258118e+01 4.6968555e+01
6.3674526e+01 3.9479691e+01
1.6163937e+01 4.7745125e+01
8.1996223e+01 6.9157972e+00
5.7169300e+01 2.6278427e+01
6.5260445e+01 5.6450924e+01
6.4981247e+01 6.6087402e+01
6.0288723e+01 6.5152664e+01
2.7440340e+01 6.8057983e+01
3.1849644e+01 9.8601532e+00
6.7881050e+01 7.9598915e+01
3.1758116e+01 3.5531788e+01
6.0553711e+01 1.2930419e+01
6.8488178e+00 2.3200886e+01
1.2185555e+00 9.6917839e+01
4.4205742e+00 1.8015991e+01
3.2761769e+00 8.3522713e+01
3.3064919e+01 5.6065113e+01
5.3177734e+01 3.4728741e+01
8.9233391e+01 8.5030983e+01
2.5362064e+01 4.8710514e+01
6.5464668e+01 8.1968937e+00
2.6595825e+01 4.5047626e+01
1.4883888e+01 9.3920464e+01
1.2346645e+01 1.7947369e+01
5.8403046e+01 8.3415344e+01
9.3698235e+01 8.3724113e+01
8.5992653e+01 9.8528374e+01
3.2320210e+01 9.4193687e+01
2.1461391e+01 9.8172607e+01
3.1344502e+00 6.1176239e+01
9.1371681e+01 5.7174015e+01
8.9573494e+01 3.8961273e+01
6.3035767e+01 4.4512512e+01
6.4705627e+01 4.1373550e+01
9.3978073e+01 5.9285599e+01
3.0050497e+00 2.7988916e+01
6.5816154e+01 4.2195408e+01
6.2174435e+01 8.0084099e+01
5.9203938e+01 1.7957853e+01
7.2181236e+01 1.0647194e+00
6.3297218e+01 3.9754959e+01
6.9547791e+01 1.8401022e+01
3.1430960e+00 6.9936180e-01
1.8939375e+01 3.4510792e+01
1.1461073e+01 4.9252419e+01
7.1223145e+01 7.2564262e+01
6.7475197e+01 9.5635185e+01
1.7424807e+01 8.9845901e+01
7.4772926e+01 2.4494038e+01
1.1388915e+01 8.6093056e+01
5.2607895e+01 3.5430470e+01
5.0452347e+01 1.7141748e+01
7.0629990e+01 1.7477226e+01
2.3069677e+01 3.5244881e+01
6.5717751e+01 2.6200573e+01
5.5082867e+01 1.6588459e+01
4.1404423e+01 7.2831131e+01
1.2206758e+01 3.8164115e+00
6.5330360e+01 5.3673462e+01
4.5305588e+01 8.6784920e+01
4.8220921e+01 4.5017166e+01
9.7164879e+01 6.8302162e+01
9.0804920e+00 6.3869865e+01
2.4716694e+01 1.3269637e+01
5.6094828e+00 4.8055256e+01
2.9055418e+01 5.9426407e+01
3.6292740e+01 4.0566914e+01
2.7084919e+01 7.5807625e+01
1.1741159e+00 7.2541267e+01
4.3266972e+01 9.1064026e+01
4.2023365e+01 2.6810825e+01
4.7694721e+01 7.7949097e+01
6.9417984e+01 2.9721350e+01
1.7593798e+01 7.2565880e+01
2.4203941e+01 6.2744320e+01
5.3357681e+01 2.7375458e+01
1.3865715e+01 7.3888073e+00
3.7352802e+01 4.5504368e+01
1.0527448e+01 3.7014324e+01
8.3982712e+01 2.0548313e+01
9.6623405e+01 4.7369083e+01
9.2879662e+01 1.0854757e+01
9.6717392e+01 7.4025635e+01
8.3595749e+01 1.0177046e+01
3.9517059e+01 7.9358505e+01
5.9794731e+01 3.7627949e+01
5.2820656e+01 4.3061781e+00
2.3699535e+01 5.9020641e+01
5.9499421e+00 7.0882408e+01
3.7429340e+01 6.8970261e+01
7.9164589e+01 9.0249420e+01
6.8640919e+00 8.5393820e+00
5.7619621e+01 7.8138313e+01
4.5803127e+01 6.6745903e+01
1.8619081e+01 4.4996390e+00
6.3438572e+01 1.5911969e+01
5.2352214e+00 7.4896617e+00
6.5430274e+00 6.0617722e+01
5.6804203e+01 8.3245628e+01
7.9275017e+01 3.7933815e+01
9.7375549e+01 2.2375881e+01
5.8134506e+01 9.2641869e+01
6.6883957e+01 1.6884608e+00
1.7354765e+01 6.5312012e+01
1.6628702e+01 5.5404301e+01
8.0895744e+01 7.3392036e+01
8.0586914e+01 4.3948990e+01
2.1208015e+01 3.5872673e+01
7.7153839e+01 1.0389581e+01
3.2065281e+01 9.0628777e+01
9.2094231e+01 6.4680626e+01
1.3017274e+01 8.0196243e+01
4.2805637e+01 6.4106293e+01
1.6393888e+01 3.6529743e+01
2.6435743e+01 6.4653076e+01
2.4295233e+01 7.8196457e+01
9.9621630e+00 2.5202172e+00
4.2631145e+01 4.4496204e+01
2.9034758e+01 2.7572678e+01
2.2027756e+01 3.0158432e+01
2.4196705e+01 5.1264099e+01
4.1297451e+01 5.1551723e+01
5.8042107e+01 9.0404907e+01
1.8172567e+01 7.0751724e+01
2.4934263e+01 8.5123329e+01
4.4132065e+01 2.7348410e+01
8.6100174e+01 4.4464706e+01
7.5404282e+01 7.9533798e+01
3.7233234e+01 2.6297316e+01
5.0607800e+01 3.5796524e+01
4.3177456e+01 8.9540276e+01
4.6996399e+01 6.6459579e+01
5.4833023e+01 6.6202110e+01
3.1902941e+01 2.0332960e+01
5.7114319e+01 8.8315918e+01
1.3730879e+01 3.5912830e+01
8.3608078e+01 7.0579903e+01
4.7721149e+01 2.8844301e+01
7.3520546e+01 9.3359612e+01
5.7259345e+00 5.7774757e+01
3.9569134e+01 5.2681004e+01
7.6349815e+01 1.9260008e+01
6.1665333e+01 4.3940861e+01
2.2072674e+01 9.9045692e+01
2.0552101e+01 2.4284048e+01
8.3347618e+01 1.1831418e+01
3.8000332e+01 5.4944538e+01
8.6171181e+01 9.4535347e+01
9.5735413e+01 5.9319851e+01
7.9251801e+01 7.9112160e+01
6.3956364e+01 4.5146259e+01
9.9656700e+01 6.0137272e+01
8.2126289e+01 2.9864704e+01
4.1695923e+01 8.9655617e+01
9.9654472e+01 7.7114998e+01
8.2806541e+01 7.7203194e+01
2.1567020e+00 9.9268707e+01
2.3285542e+00 4.6445007e+01
2.0171890e+01 6.0084901e+00
1.4318292e+01 1.5328377e+00
4.1529495e+01 8.2184662e+01
2.3923693e+01 8.6071854e+01
2.6003527e+01 5.9527077e+01
8.3500385e+00 7.5494827e+01
5.1455452e+01 6.2633014e+00
1.8073408e+01 2.9678244e+01
4.3597026e+00 9.6291664e+01
9.1713135e+01 4.6794346e+01
6.4421799e+01 3.5280334e+01
7.8853416e+01 1.6787586e+00
2.2940653e+01 1.4911347e+01
6.9108185e+01 2.2403109e+01
1.7632875e+01 3.8461071e+01
3.2852146e+01 5.7277451e+01
6.2828461e+01 1.1006348e+01
8.9294907e+01 1.1167356e+01
3.2635016e+00 1.5768106e+01
3.0953997e+01 8.4795708e+01
2.2137062e+01 4.4519424e+00
5.0086411e+01 3.3609428e+01
8.9665756e+01 1.3917848e+01
3.2267349e+01 7.3826469e+01
4.7060921e+01 8.4108902e+01
5.0585933e+00 2.4385712e+00
8.2669731e+01 9.2891342e+01
5.5587971e+01 6.5230515e+01
7.1963013e+01 4.2306190e+01
5.9865219e+01 2.2865939e+00
2.1118881e+01 2.7705183e+01
9.8788445e+01 2.3990412e+01
7.5142754e+01 9.6341446e+01
7.1049370e+01 2.2184011e+01
2.5780684e+01 5.5208004e+01
5.1524296e+01 9.3775421e-01
8.1924454e+01 1.9264904e+01
8.5241852e+01 1.9292290e+01
4.5773083e+01 6.6826671e-01
5.1647301e+01 7.4369316e+01
7.1707008e+01 2.7212444e+01
8.1637161e+01 1.7407810e+01
7.1647507e+01 4.3918903e+01
6.0716808e+01 8.7567734e+01
7.0615318e+01 9.5553268e+01
5.6376863e+00 6.8753197e+01
9.2689257e+00 9.8244944e+00
5.8999489e+01 2.3242386e+01
3.6394207e+01 1.1179373e+00
6.5567732e+00 3.2571617e+01
3.3633747e+01 9.2836563e+01
8.5348289e+01 8.0906036e+01
6.7185379e+01 1.2772373e+01
1.7271185e+01 4.9039707e+01
6.6765991e+01 5.0402649e+01
7.2351166e+01 4.8202904e+01
9.0828033e+01 7.7603371e+01
3.8713718e+01 1.2014671e+01
4.8832516e+01 2.4994734e+01
5.2140167e+01 8.2203758e+01
1.6323814e+01 7.4981384e+01
1.7096495e+01 6.9131302e+01
9.6617836e+01 7.9522713e+01
3.3251595e+01 4.1683716e+01
5.4106678e+01 3.5766064e+01
2.6755598e+01 2.7644346e+00
6.8499191e+01 5.5898491e+01
7.3927803e+01 3.6398296e+01
3.6758320e+01 4.8920300e+01
9.6507675e+01 7.0372520e+01
8.0062500e+01 9.1516304e+01
2.2512453e+00 8.4373390e+01
9.6809792e+01 2.7982941e+00
4.2409142e+01 7.7379165e+00
3.9499790e+01 5.3414997e+01
5.8501465e+01 9.3224823e+01
8.3269897e+01 3.3373363e+01
9.4808556e+01 2.3619558e+01
9.6928734e+01 7.4887726e+01
6.0125572e+01 6.5229802e+00
2.3521069e+01 7.6671028e+01
3.2582878e+01 3.9333576e+01
2.6774967e+01 4.3048749e+00
1.4712890e+01 8.1218353e+01
6.2223240e+01 4.7673084e+01
6.2448181e+01 5.1777523e+01
8.7357750e+01 9.1566503e-01
3.1364380e+01 8.7143387e+01
3.3866459e+01 9.2958237e+01
6.2354150e+00 2.3413868e+01
2.6819618e+01 3.7394199e+01
5.8474574e+00 4.4606449e+01
5.0612759e+01 8.9344910e+01
8.4021942e+01 2.7728271e+01
2.9540682e+01 9.3895493e+01
7.9926842e+01 4.1093407e+01
1.2067995e+01 8.5801895e+01
6.0093551e+00 3.6784184e+00
2.2178129e+01 5.3387123e+01
2.6203457e-01 9.3092537e+01
6.8624222e+01 1.0892473e+01
1.1038290e+01 9.7648888e+01
8.3471634e+01 3.3022190e+01
2.7262114e+01 4.4058342e+01
9.5013252e+01 9.3017548e+01
1.4630820e+01 9.6427811e+01
2.6955231e+01 1.1319113e+01
6.9288391e+01 1.4529875e+01
5.5712036e+01 6.5723534e+01
5.4451069e+01 7.9720810e+01
5.0716339e+01 3.5913944e+01
4.2595608e+01 4.5419281e+01
6.8840446e+01 5.5340542e+01
4.6074631e+01 4.5718010e+01
7.3342499e+01 2.1650843e+01
8.2402290e+01 4.8609394e-01
1.9213313e-01 7.3216484e+01
8.6957512e+01 8.8229546e+01
1.9648825e-01 7.3776283e+01
5.5480858e+01 1.9012970e+01
4.4039097e+01 5.9812836e+01
7.1495079e+01 2.8905403e+01
8.9160454e+01 9.6002670e+01
4.9658161e+01 3.4698441e+01
7.2350487e+01 5.2927490e+01
5.0618148e+00 3.3055027e+01
9.9896278e+00 6.8206924e+01
4.0617023e+01 1.7823458e+00
5.9066425e+01 7.7310516e+01
2.9922335e+01 6.2582470e+01
1.6416315e+01 3.5297616e+00
6.1389431e+01 9.4419571e+01
1.1067282e+01 7.7938301e+01
9.0439504e-01 4.4552605e+01
7.5144730e+01 1.9641180e+01
2.4932028e+01 7.0317650e+01
6.2479256e+01 4.4211834e+01
7.3724503e+01 5.8904079e+01
2.0877356e+01 8.3937859e+01
7.5174461e+01 1.4654005e+01
1.3956645e+01 9.7344620e+01
9.3856705e+01 7.3824638e+01
3.1513372e+01 1.7438049e+01
6.6931313e+01 5.2882199e+00
2.3581629e+01 3.8205963e+01
9.8835258e+01 8.2304405e+01
4.2659893e+01 6.7139626e+01
6.8119839e-02 6.5285225e+01
8.1022072e+01 7.7885170e+01
7.1881721e+01 1.8382755e+01
4.5596519e+01 8.1606873e+01
5.8312218e+01 9.3764839e+01
2.1588005e+01 9.8242325e+01
9.7471581e+00 5.6604465e+01
3.7833912e+01 4.9551666e+01
2.8098959e+01 9.1093353e+01
6.1827438e+01 1.4711300e+01
9.2660049e+01 2.3200666e+01
2.0406971e+01 8.6174660e+01
9.7843971e+01 1.9432791e+01
6.3302090e+01 3.8620541e+01
6.9270531e+01 7.2510300e+01
6.1043282e+01 7.7032120e+01
6.3032051e+01 6.4663467e+01
5.6183651e+01 6.1297318e+01
9.4481636e+01 7.1576815e+00
6.7347404e+01 1.4194007e+01
8.7513344e+01 9.0695457e+01
7.9311295e+01 7.2210531e+00
8.3058029e+01 4.5501766e+01
3.9141651e+01 8.4458939e+01
9.6397423e+01 2.1845884e+00
1.8350906e+01 2.8491344e+01
6.6903114e+01 6.4872803e+01
9.4104042e+01 9.4391678e+01
9.3588752e-01 5.6668621e+01
4.8696827e+01 3.7876308e+01
6.8894783e+01 7.4111946e+01
8.5843918e+01 4.1948746e+01
8.0784119e+01 9.2139221e+01
1.4756590e+01 2.7068715e+00
3.1170797e+01 9.3929459e+01
5.8555984e+01 6.9457787e+01
7.4032814e+01 6.1065315e+01
2.2593865e+00 4.6882626e+01
6.0754166e+01 4.8597191e+01
7.3933349e+00 5.7716328e+01
5.0399906e+01 8.6883560e+01
8.5228806e+01 3.3254902e+01
8.0409264e+01 9.7490852e+01
3.8700092e+01 4.5975571e+01
6.7973518e+01 8.3971367e+01
5.4260513e+01 2.3652641e+01
9.7619255e+01 5.9997814e+01
4.9244278e+01 8.7574760e+01
3.8896568e+01 7.1183391e+00
5.7745506e+01 3.8816734e+01
2.9575569e+01 1.2305964e+01
6.8591576e+01 7.5991882e+01
5.4383675e+01 2.1511518e+01
1.2679527e+01 6.5508415e+01
4.7069832e+01 5.9589352e+01
3.3760582e+01 1.0761656e+00
4.4460884e+01 9.2502527e+00
6.6699287e+01 8.3057365e+01
2.5179125e+01 1.2106129e+01
9.0300156e+01 2.0228195e+01
7.2819031e+01 5.3406185e+01
1.7986130e+01 6.6151371e+00
1.3635033e+01 1.8724503e+01
3.8929546e+01 5.4293064e+01
9.2171158e+01 6.5644043e+01
2.4677753e+01 6.9379517e+01
6.4767143e+01 3.6392284e+01
7.1881859e+01 4.2932335e+01
1.0504758e+01 4.8418858e+01
6.0428596e+01 9.1055473e+01
8.1911667e+01 3.9065666e+01
6.8091545e+01 1.9240391e+01
4.3619423e+01 7.7652016e+00
9.7759560e+01 4.8182831e+00
7.6175751e+01 9.4612839e+01
4.1366467e+01 8.8370758e+01
5.4340473e+01 5.7694111e+01
2.5837622e+01 4.0044518e+01
4.4448116e+01 6.3208111e+01
6.0685261e+01 1.9938107e+01
3.7992842e+00 8.2213287e+01
3.4326046e+01 8.3076424e+01
6.5467091e+00 9.5732124e+01
8.6760536e+01 8.8961487e+01
6.5170860e+01 4.5986233e+01
1.9945763e+01 6.3285416e+01
6.4393867e+01 3.5693771e+01
9.4008560e+01 2.5114449e+01
7.5259331e+01 6.9645897e+01
9.7388527e+01 3.6700256e+01
7.1109756e+01 5.3189518e+01
7.2066101e+01 5.5047688e+01
2.4321930e+01 1.0778499e+01
2.1222544e+01 6.4465546e+01
2.2914652e+01 6.4415657e+01
2.5994972e+01 4.7549801e+01
9.5222006e+00 1.6593193e+01
5.0431149e+01 8.3961830e+00
1.1730602e+01 1.5249188e+01
1.9314972e+01 9.6311836e+01
2.4028895e+00 3.9293053e+01
1.2225142e+01 9.0893372e+01
1.3732853e+00 3.2412918e+01
2.9005808e+01 6.1195675e-02
5.7693024e+00 3.0163174e+01
4.6769455e+01 9.1487854e+01
1.5224500e+01 7.0740425e+01
6.6186481e+00 2.4830551e+01
3.7366050e-01 5.3391415e+01
3.9464733e+01 7.7275917e+01
4.8276031e+01 1.0056490e+01
6.4637901e+01 5.8127426e+01
6.7911100e+00 8.5637436e+01
7.2424500e+01 8.9513924e+01
4.1435478e+01 8.0188637e+01
3.2233883e+01 8.9769997e+01
1.2878007e+01 9.2365639e+01
5.1788452e+01 3.3636841e+01
8.0984657e+01 1.7625397e+01
4.9546967e+01 7.9154808e+01
4.2203106e+01 9.6957657e+01
9.2512634e+01 4.4966499e+01
1.1081209e+01 8.2336945e+01
9.4643860e+01 9.3721970e+01
6.3842278e+01 8.3620041e+01
6.7276962e+01 2.7375174e+01
7.2194084e+01 8.8273682e+01
6.2286594e+01 2.8383532e+01
6.8927361e+01 1.0266531e-01
5.1150890e+01 8.7170113e+01
3.3634508e+00 2.6058441e+01
3.8654972e+01 4.0680569e+01
6.4339806e+01 5.1243626e+01
1.8657679e+01 9.4646358e+00
7.1175697e+01 8.1387932e+01
4.1162868e+01 6.1434685e+01
5.8939705e+01 9.9356133e+01
7.4878021e+01 4.9301418e+01
1.3344168e+01 7.7659004e+01
1.7509289e+01 6.5659508e+01
4.2720886e+01 1.2473078e+01
2.7233583e+01 3.4793617e+01
9.7862215e+00 9.6335449e+01
2.3104586e+01 1.3497848e+01
8.4282578e+01 2.6464907e+01
2.9591114e+01 4.5494399e+00
1.9087250e+01 5.3570820e+01
2.1012577e+01 9.5950058e+01
9.7008446e+01 1.2046394e+01
5.5327705e+01 2.6645767e+01
4.3242290e+01 3.6603065e+01
7.3549149e+01 4.5159359e+01
4.9343441e+01 6.2687962e+01
8.0997902e+01 7.1416496e+01
8.5658541e+00 2.8436464e+01
1.9677986e+01 9.4019600e+01
1.9559252e+01 4.4447163e+01
8.7243195e+01 3.5321205e+01
7.5660583e+01 7.4326546e+01
5.7344036e+01 9.4871185e+01
2.0398849e+01 7.3735970e+01
8.5846205e+00 3.8159725e+01
1.6335388e+01 6.8583641e+01
7.4885353e+01 3.2050793e+01
4.3990829e+01 1.4039441e+01
8.8739014e+01 4.0898361e+01
2.0363636e+01 6.5210617e+01
6.6392106e-01 8.8060402e+01
2.4241636e+00 7.6014948e+00
2.3099552e+01 5.6373226e+01
1.9972101e+01 4.0890533e+01
6.5056122e+01 4.8121422e+01
6.4373947e+01 8.3093269e+01
9.5021286e+01 5.0136452e+01
4.4951218e+01 6.3839676e+01
9.3943413e+01 5.2879349e+01
1.3168847e+01 5.2798376e+00
3.7552170e+01 5.3710838e+01
4.6277313e+01 4.7041805e+01
7.7843903e+01 3.4024799e+01
7.6690758e+01 5.7700809e+01
7.7250282e+01 3.7518562e+01
5.1137405e+01 8.9379044e+01
8.5825409e+01 9.2596336e+01
4.4974179e+00 7.4380470e+01
4.1727894e+01 1.5749573e+01
3.7247253e+01 3.3175182e+01
1.8340647e+01 4.7308402e+00
9.2558525e+01 6.1583111e+01
3.7562931e+01 8.0435356e+01
3.9353210e+01 9.1666908e+01
1.8125120e+01 6.4627037e+01
8.0996010e+01 7.5629112e+01
3.0218498e+01 8.6993599e+01
2.5808554e+01 2.4918697e+01
8.3298447e+01 9.9487740e+01
7.5219055e+01 4.7787491e+01
8.2611099e+01 3.8509434e+01
8.1148968e+00 6.7696869e+01
5.1809635e+01 1.6206509e+01
6.5844574e+01 7.2260437e+01
3.3968132e+01 4.1018921e+01
7.1319328e+01 3.7818542e+01
5.1366966e+01 6.4564301e+01
4.7793652e+01 9.8275551e+01
2.5615379e+01 2.7060286e+01
3.8157864e+01 7.8491074e+01
3.3993187e+01 2.6701763e+01
6.3954685e+01 9.2301376e+01
5.3349662e+00 6.9758659e+01
4.8358955e+00 1.3157549e+01
3.9346485e+01 6.7632820e+01
2.3803772e+01 6.1401821e+01
6.6934578e+01 3.4709881e+01
1.1336197e+01 1.6364061e+01
5.5948029e+01 6.5650539e+00
7.2373001e+01 5.3745121e+01
6.6684470e+00 4.1928955e+01
3.4145153e+01 2.9164301e+01
7.4456581e+01 9.3792709e+01
9.9572735e+00 7.7283012e+01
3.1507759e+00 3.5128895e+01
1.4287830e+01 7.2577148e+01
5.2130894e+01 2.9277332e+00
8.7950294e+01 2.6156349e+00
5.2402218e+01 8.0595474e+01
5.8562515e+01 3.7612862e+01
3.2620430e+01 7.3234642e+01
3.1200302e+01 4.1057903e+01
1.4670043e+01 4.2923538e+01
7.6865326e+01 5.5383488e+01
9.0225128e+01 6.1834751e+01
6.2276203e+01 1.3922891e+01
5.4662617e+01 9.8805742e+00
4.3495548e+01 7.5813133e+01
9.2764740e+01 9.0545387e+01
2.8034782e+01 5.4037872e+01
8.1838783e+01 6.3663029e+01
9.5332298e+01 8.4637156e+00
2.1984372e+00 9.7119781e+01
5.3879490e+01 5.5086870e+00
2.2392832e+01 2.0811111e+01
4.7731586e+00 3.9918220e+00
5.7135292e+01 2.5653196e+01
7.6101563e+01 1.2748003e+01
7.9575661e+01 8.8047684e+01
9.0325417e+01 7.9752274e+01
6.3762259e+00 1.5920954e+01
2.7694010e+01 1.4783104e+01
6.3992683e+01 6.3067985e+00
5.2740467e+01 1.8064077e+01
8.7628113e+01 7.6413933e+01
7.8029152e+01 8.5858879e+01
5.1923245e-01 8.0217621e+01
4.9582111e+01 9.0654320e+01
7.0530602e+01 5.0837254e+01
5.1790291e+01 8.8351563e+01
4.3473991e+01 1.5309258e+01
4.6119274e+01 8.7795692e+01
8.1363058e+00 1.2837693e+01
7.7548134e+01 2.9008949e+01
5.6691109e+01 1.0202140e+01
5.4338341e+00 5.5653248e+01
6.5985001e+01 4.8725487e+01
4.1372696e+01 3.4532555e+01
4.0131622e+01 7.6051674e+01
5.6341562e+00 7.0355980e+01
2.2912439e+01 1.2956156e+01
4.5871124e+01 8.7517555e+01
9.6748152e+00 8.0509628e+01
9.7064964e+01 2.3088973e+00
6.2734402e+01 6.6137932e+01
4.2264901e-02 8.8765930e+01
6.1730122e+01 3.8469055e+01
3.7404194e+01 4.9261230e+01
9.4661880e-01 3.0330502e+01
9.0338440e+01 3.6988556e+01
7.9310234e+01 9.6858200e+01
6.7537369e+01 4.1646309e+01
1.5581203e+01 2.1400566e+01
8.3251514e+00 4.1911865e+01
6.1205990e+01 8.5749168e+01
1.6100309e+01 4.8708851e+01
7.6360168e+01 4.3199970e+01
3.5329327e+01 1.1804605e+01
8.0903702e+01 3.3046890e+01
4.5580540e+01 3.8935177e+01
9.1286720e+01 5.3331940e+01
9.4666786e+00 8.1440453e+01
6.8855643e+00 6.5024033e+01
7.7868263e+01 7.3302078e+01
1.4814921e+01 3.5271057e+01
2.5438866e+01 7.1512024e+01
4.0953701e+01 3.9967503e+01
6.2147377e+01 3.4859867e+01
8.6738297e+01 3.6602680e+01
4.2491047e+01 9.5511887e+01
5.6218563e+01 8.7202103e+01
7.3017227e+01 2.3165327e+01
9.5938148e+01 5.8147308e+01
9.2045856e-01 5.5096317e+01
4.1392212e+01 4.8757076e+01
5.1735638e+01 6.7080093e+01
8.8132019e+01 3.7356217e+00
7.2526642e+01 8.9947273e+01
8.3027214e+01 4.5941025e+01
2.8474018e+01 3.4450188e+01
6.1763111e+01 2.5399767e+01
9.5393959e+01 7.3148331e+01
4.2341656e+01 1.8090967e+01
8.8474930e+01 4.2182224e+01
2.1171120e+01 2.3746529e+01
6.8396988e+01 6.8090118e+01
8.2710285e+00 5.7610450e+00
7.0002960e+01 9.5232025e+01
8.1185249e+01 8.8278015e+01
5.8194413e+00 8.7920975e+01
3.3387486e+01 7.5616577e+01
6.9793921e+00 8.0211840e+00
4.2279934e+01 8.7425491e+01
7.7477280e+01 2.3558359e+01
8.4327194e+01 9.2990456e+00
5.4191338e+01 8.6797218e+01
8.0433960e+01 4.3061897e+01
8.4736557e+01 3.1276659e+01
6.3366379e+01 3.5276794e+00
5.7965981e+01 7.6453003e+01
2.0833536e+01 4.9258896e+01
4.7816643e+01 9.5887100e+01
8.2786613e+01 5.3703197e+01
6.0200500e+01 3.2099831e-01
8.9560043e+01 2.0053776e+01
4.7695594e+00 1.0525262e+01
9.8670105e+01 1.8279404e+01
4.8638371e+01 4.6457993e+01
6.2402966e+01 7.5992088e+01
4.7525879e+01 3.9061920e+01
3.5765511e+01 8.6168228e+01
9.1282593e+01 7.8935944e+01
5.4938747e+01 4.2115092e+00
4.5397934e+01 5.2152794e+01
6.0064938e+01 9.4443810e+01
1.7836514e+01 7.7654533e+01
2.3016096e+01 5.1832584e+01
3.1430948e+01 5.2942829e+01
8.0732750e+01 6.8611328e+01
3.6062893e+01 3.5191090e+01
6.7788445e+01 3.7421993e+01
5.1992641e+01 3.3440659e+01
8.8026779e+01 8.2706108e+01
9.5951767e+01 6.4203491e+01
6.4434128e+01 9.0293945e+01
4.9920335e+00 2.7578840e+01
5.8852684e+01 6.1488697e+01
3.9587799e+01 9.3901649e+01
5.8704941e+01 5.2415344e+01
1.7118000e+01 5.1975529e+01
8.6591850e+01 7.2001511e+01
9.9607712e+01 5.9103268e+01
4.4369358e-01 2.6803014e+00
3.5488224e+01 5.0413166e+01
1.6843725e+01 7.6752670e+01
3.4138420e+01 1.0389384e+01
8.2113838e+00 8.8319717e+01
3.4099194e+01 8.3049866e+01
9.5723007e+01 4.5792683e+01
1.1106536e+01 9.8875465e+01
8.4164604e+01 7.3211441e+01
6.0467831e+01 2.6379057e+01
6.2352440e+01 4.9949520e+01
7.9809799e+01 1.4113563e+01
2.3323837e+01 3.7856728e+01
7.2855408e+01 7.4953064e+01
4.2191738e+01 8.2487839e+01
9.2641098e+01 7.8641190e+01
8.6373215e+01 9.0788574e+01
4.3464348e+01 6.0886234e+01
2.2843359e+01 8.1457832e+01
6.4855751e+01 2.7692589e+01
3.0132441e+01 7.6177536e+01
2.7998569e+01 3.2153202e+01
1.8975704e+01 4.9999458e+01
8.5272560e+01 2.7587948e+01
1.4841410e+01 8.7400719e+01
2.6977985e+01 5.5697979e+01
5.8004345e+01 9.6867569e+01
1.5799375e+01 1.1316225e+01
3.2398224e+01 2.1339504e+01
8.9197746e+01 3.6369431e+01
4.3171978e+01 4.4443638e+01
4.2673706e+01 3.4827217e+01
2.4691210e+01 3.3171669e+01
3.2722904e+01 6.7698822e+01
7.5667633e+01 7.6499687e+01
6.7309097e+01 8.2548447e+01
8.6165527e+01 7.6423508e+01
